                 0.6 0 0 0  0.00995876  0.00337723 -0.00934334 0 0 0   -0.011 -0.02329  0.04412  0.0286148 0.00909868  0.0255607  6.62386e-05  9.17709e-05 -7.55505e-08 0 0 0    0.0671851 -0.000274784     -9.80877 
                 0.7 -0.0523092  0.0573985 -0.0482964  -0.0003457  -0.0023349 0.000334275  -3.4581e-06  6.05806e-06 -3.45787e-07 -0.0110001 -0.0232901  0.0441201 0.0305851 0.0108598 0.0400404  6.64099e-05  9.14845e-05 -4.32242e-08  9.50041e-07  5.11284e-07 -4.19377e-07    0.0671842 -0.000275276     -9.80877 
                 0.9  -0.0221248 -0.00438325  0.00521544 0.0218056 0.0187688 0.0103635   0.00016996 -0.000139022  1.11695e-07 -0.0110003 -0.0232903    0.04412 0.0851309 0.0742251 0.0731466 -7.68864e-05  0.000375008 -0.000244863 -2.47554e-05 -3.01963e-05 -2.09636e-06    0.0672089 -0.000245736     -9.80877 
                 1.1 -0.00728797  -0.0115215  -0.0103527 0.0103226 0.0109634  0.022641   -0.0339941    0.0325799 -0.000181448 -0.0109973 -0.0232948  0.0441146 0.0205929 0.0208239 0.0411426 -1.80246e-05  0.000249579 -0.000148334  0.00577313  0.00600903 -0.00216615   0.0616455 -0.00605265     -9.8088 
                 1.3  0.0369908 -0.0342918  0.0106335 0.00419432 0.00248228  -0.011261   -0.0681642    0.0429457 -0.000393578 -0.0109936 -0.0232984  0.0441149  0.00044093 -0.00913136  -0.0869747 -7.22242e-05  0.000259933 -0.000230581 0.00725187  0.0119518  0.0566801  0.0598551 -0.0117717   -9.80881 
                 1.5  0.0153391  -0.029211 0.00045721 0.00763424 0.00578784 0.00102293   -0.0409143      0.02738 -0.000217486 -0.0109966 -0.0233036  0.0441158   0.00516629 -0.000909306     0.102497 -8.95262e-05  0.000290328 -0.000200562 0.00470993 0.00708367  0.0210434   0.0625037 -0.00711329     -9.8088 
                 1.8  0.0289183 -0.0488959 -0.0138377 -0.00147231  0.00056888   0.0491266   -0.0567877    0.0670922 -0.000293544 -0.0109959 -0.0233035   0.044117 -0.0194564 -0.0154683   0.270303 -6.69042e-05  0.000192366 -0.000160215   0.011754 0.00989836  0.0192379   0.0557373 -0.00982287    -9.80884 
                 2.1 -0.0244995 -0.0277671 -0.0157536  0.0127671 0.00828321  0.0851428   -0.0273415    0.0188279 -8.94503e-05 -0.0109896 -0.0232971  0.0441191  0.0172771 0.00690136   0.293032 0.000128804 0.000129112 -0.00014579 0.00413786 0.00584395  0.0941167   0.0627236 -0.00579821     -9.8088 
                 2.4 -0.0429278 -0.0258522 -0.0296542 -0.0207404  0.0121234  0.0168455   -0.0210116    0.0375879 -0.000120223 -0.0110009 -0.0233143  0.0441143   -0.16144 0.00956809 -0.0216925  0.000442128  2.10593e-05 -0.000124033  0.0069904 0.00574285   0.202389   0.0595194 -0.00560332    -9.80882 
                 2.8 -1.23496  0.10926 0.818546 -0.0868693  0.0568009  0.0442787 -0.000994579   -0.0449994  0.000980592 -0.0109847 -0.0234723  0.0441471 -0.331678   0.11824   0.17719   0.00334029 -0.000480251  0.000174588 -0.0086761 0.00223494    0.19348     0.07459 -0.00219967    -9.80872 
                 3.1 -4.27105 -0.14173  4.48326 -0.0983042   0.341693   0.152557  0.121143 -0.164861 0.0581691 -0.0103273 -0.0239743  0.0441117 -0.30798 0.690392 0.211354  0.00748295 0.000137842  0.00376592 -0.0249918 -0.0215739   0.164114 0.0869485 0.0236702  -9.80859 
                 3.4  -6.63405 -0.758696   9.81767 -0.21702 0.553258 0.187243 0.0697569 -0.154077 0.0519099 -0.0104481 -0.0238771  0.0439935 -0.418223  0.934642 0.0843902  0.0134296 0.00241882 0.00622523 -0.0239478 -0.0133734   0.172358 0.0920392 0.0158683  -9.80856 
                 3.7  -9.29944 -0.588571   13.5961 -0.350922  0.650996  0.109916  -0.118527 -0.0321325  0.0255999 -0.00989464  -0.0233682   0.0438901  -0.47114   0.98796 -0.125734  0.0154225 0.00244985 0.00866196 -0.00652233   0.0257326     0.21359   0.124404 -0.0302097   -9.80816 
                   4  -12.7911 -0.312442   16.1781 -0.316627  0.749789  0.131975  -0.39948 0.0499494 0.0747168 -0.00823079  -0.0226682   0.0437087 -0.302774   1.13192 -0.117343   0.020242 0.00161514  0.0116665 0.000763986   0.0964214    0.200025   0.202005 -0.0484716    -9.8068 
                 4.3 -15.2747 0.044238  17.6249 -0.239794   0.79645  0.194058 -0.765594  0.258511  0.166029 -0.0066955 -0.0221067  0.0440429  -0.143405    1.16317 -0.0502647  0.0239949 0.00105318  0.0136368 0.0317499  0.184568  0.182106   0.305264 -0.0706239   -9.80399 
                 4.6    -16.9739 -0.00710666      18.866 -0.18853 0.857971 0.263549 -1.04843 0.472933 0.218223 -0.00632313  -0.0218928    0.045621  -0.120386    1.24898 -0.0211562  0.0295905 0.00130131  0.0152157 0.0702425  0.249865  0.175998    0.38968 -0.0948011    -9.8008 
                 4.9   -18.1954 -0.0393469    19.7074 -0.193713  0.880313  0.252791  -1.2954 0.789034 0.265408 -0.00598964   -0.022423   0.0468217 -0.190093   1.21439 -0.125381  0.0293879 0.00149045  0.0158312 0.132151 0.306313 0.201822  0.491375 -0.161325  -9.79536 
